1	0.7900717	0.0573970	0.0832803	-0.0466483	-0.1178068
2	0.1099388	1.1698204	-0.0719923	0.1086848	0.0715352
3	-0.1129723	1.1493675	0.1848520	0.0054093	0.1460824
4	-0.1284574	0.8504543	0.0246818	0.0525271	0.1489929
5	-0.1369351	-0.0700704	0.9034444	0.0727062	0.0238206
6	-0.1864898	-0.0574750	-0.0486608	-0.0308566	0.9892362
7	0.0176339	1.0694574	0.0524518	-0.1439145	-0.0325927
8	0.0243865	0.0327875	-0.0345731	0.0385815	0.8945138
9	0.1720700	0.0291723	0.1096861	0.8700550	-0.1408183
10	-0.1338582	0.9314761	0.1053415	-0.0623068	0.0812597
11	-0.1071751	1.0357937	-0.0172979	0.1000791	0.0584000
12	0.0276531	0.0547581	0.1377887	1.0126779	-0.0135631
13	-0.0144869	0.0212655	1.1476522	-0.1061040	0.0185504
14	-0.0524193	0.8942223	-0.0215740	-0.0046615	0.2283320
15	-0.1275721	-0.1130618	0.9567344	-0.1174011	-0.0480900
16	0.0007244	1.0335258	0.0079771	0.0195762	-0.1811514
17	1.0976965	-0.0001712	-0.0605201	0.1537853	0.1599245
18	-0.0493006	1.0000558	0.0514627	-0.0205289	0.1940169
19	0.0523704	-0.2395859	0.9431326	0.0247553	0.0386150
20	0.9485843	0.1590025	-0.0862304	0.0164432	0.0927269
21	1.1508770	-0.0033643	0.0944279	-0.0326501	0.0239323
22	1.0720235	0.1696159	-0.0643066	-0.1114445	0.1334799
23	-0.1363948	-0.2238277	1.0678356	0.0266159	-0.2719612
24	0.9297339	-0.0616455	0.0605466	0.0092944	0.0665603
25	-0.0892911	-0.0066196	0.0521980	-0.0658480	0.8881300
26	-0.0288787	0.0550290	-0.0517394	0.0060817	0.8989842
27	-0.0726202	0.0876652	0.0399550	1.0032162	-0.1263764
28	0.1245076	-0.0187531	0.1967631	1.0072422	-0.0249107
29	0.0315665	0.0545766	0.9738701	-0.1140982	-0.0028800
30	1.0877540	-0.0746998	0.0198341	-0.0757283	0.0936199
31	0.1026085	-0.0387841	0.8724316	-0.1754819	-0.2377608
32	-0.1709994	-0.0127893	0.8911984	0.1446782	-0.1761369
33	0.0348040	0.0609952	0.0129655	1.0516897	-0.0368725
34	0.1153309	0.0089163	0.1003245	-0.0706382	0.9088026
35	0.3023256	-0.0129164	0.0839492	1.1673516	-0.1085355
36	0.0310028	1.0856200	-0.0256885	0.0708989	0.1230124
37	-0.0502882	0.1634855	0.0870293	1.2413590	-0.0831631
38	-0.0165864	0.0353364	0.9357751	-0.1279718	0.0345834
39	1.1516363	-0.0388742	-0.0426930	-0.0104393	-0.1072314
40	-0.1451465	-0.0002195	-0.0022439	1.0371917	0.1186529
41	0.0446789	0.0732313	0.1752123	-0.0091814	1.0622762
42	1.0766157	0.0706879	-0.1893568	0.0268192	0.1261260
43	-0.0835582	0.9810410	0.0016582	-0.1322948	-0.0084340
44	0.1648013	-0.1239744	0.9299789	0.1538511	-0.0547464
45	-0.0319135	1.1498317	-0.0333476	0.1615202	-0.0083515
46	1.1719417	-0.0274837	0.0491574	-0.0934449	0.1768369
47	0.0183626	-0.0764183	1.0534115	-0.0356102	0.1363895
48	-0.1149866	1.0443379	0.0444287	0.0299158	-0.0784060
49	1.1183416	-0.0776815	0.0009547	-0.0179442	0.1295603
50	-0.0951461	-0.0805678	-0.0184841	1.1638390	-0.0675220
51	0.0582978	-0.0842475	1.0085167	-0.0677128	0.0166629
52	0.1626039	-0.1111305	1.0695827	0.0126166	-0.0150744
53	-0.0615617	-0.0285956	1.0092159	-0.0830730	-0.0669997
54	0.1209339	-0.1119475	0.9755784	0.0641726	0.0491761
55	0.0916786	0.0959600	0.2245115	-0.0437106	0.9844228
56	-0.0818884	0.8430914	-0.0243116	0.1137476	-0.0287109
57	0.0507883	1.0047730	0.0266380	0.0437264	-0.0300301
58	-0.0474087	-0.1257297	1.0290123	0.0896528	0.1322018
59	-0.0106197	0.0439129	0.0031908	1.0764142	0.0651646
60	-0.2011866	-0.0970277	0.0023460	-0.0136330	1.0995684
61	0.0474702	0.6698848	-0.1503123	0.0293857	0.1980331
62	0.1513646	0.9600846	-0.1120826	-0.0266004	-0.0575719
63	0.0734931	0.0809715	0.9957914	-0.0770492	0.0178456
64	0.0878055	-0.0605336	-0.0636111	0.9622653	-0.0117930
65	-0.1897709	1.0822245	-0.1072212	0.0565366	-0.0341670
66	1.0866673	-0.0863628	0.1105782	0.0211615	-0.2471699
67	0.1216525	0.0138075	1.0011844	0.0478983	0.1128957
68	0.0243509	0.9752663	0.0159538	0.0098018	-0.1471785
69	0.1002541	0.0443839	0.1203425	0.0018829	1.0089355
70	-0.0330358	-0.0514317	-0.0269838	1.0286782	0.0141280
71	-0.0171870	1.0875520	0.0281385	-0.1257624	0.0208045
72	0.9180229	-0.1235453	0.1663301	0.1339404	-0.0843300
73	0.0039244	0.0530834	0.8343508	-0.0144176	-0.0364022
74	-0.0523619	0.0035589	-0.0809710	0.8179774	0.1889418
75	0.0077277	1.0496175	0.0825702	0.0698162	0.1085987
76	1.0696616	0.1888349	0.0740673	0.0571027	0.0296976
77	-0.0907927	-0.0508961	0.0074354	-0.0869844	0.8916520
78	-0.1459816	0.1370447	0.0792048	0.1267243	1.0253691
79	1.2070202	-0.0336453	0.1249944	0.0472996	0.0517558
80	-0.0962510	-0.1970697	0.0566786	1.0081663	0.0567084
81	0.1086949	-0.0226988	-0.1678963	0.0540840	1.1193184
82	0.0635993	-0.1287037	-0.0061089	0.0002204	1.0547220
83	-0.0565353	0.0945263	1.0128620	0.0614732	-0.0026968
84	1.1485621	-0.0721264	0.0577300	0.0650129	-0.1877575
85	0.0876564	0.0304629	0.8390246	-0.0480806	0.0538949
86	-0.0857304	-0.0639442	0.0642801	0.0389116	1.0334203
87	0.0866357	1.0110809	0.0626730	0.0267442	-0.0882389
88	0.0076857	0.0504653	0.0251567	1.0394561	0.0517018
89	0.1003622	-0.0513587	0.9815640	0.1192570	-0.0906958
90	-0.0081299	-0.0998122	-0.0917004	-0.1335117	1.1253371
91	-0.0162453	-0.1116052	-0.0446679	1.0469114	0.1200306
92	0.0866683	-0.2371352	0.0007475	-0.1209970	1.1096099
93	0.1316145	0.0873361	1.1940272	-0.0958375	0.0655140
94	-0.0456551	0.1103143	-0.0358290	-0.0279514	0.8527380
95	1.0770947	-0.0933913	0.0927140	-0.0738519	0.0630850
96	-0.0262757	0.1295796	1.0232973	-0.0054752	-0.0449855
97	-0.0535506	-0.0459886	0.9507275	-0.0728535	0.0340533
98	0.1156083	0.0083655	1.0009195	0.0406701	0.0883306
99	0.1239219	0.1969138	0.0704690	-0.1051094	1.0924511
100	-0.0449242	1.0732304	-0.2275623	-0.0261240	0.1528772
101	0.1503523	-0.0375650	0.1580120	0.9774277	-0.0951075
102	-0.0906320	-0.0815308	0.0893453	0.1533316	0.9695540
103	0.1865845	0.0105819	0.0871008	-0.2362876	1.1559890
104	0.0409190	0.1578551	-0.1528810	1.1304918	0.1403390
105	0.7697298	0.0175633	0.1472272	-0.3678910	0.0199127
106	-0.0933078	1.0441831	-0.1181906	-0.1607980	0.1360442
107	0.0686046	0.0623673	-0.1443902	-0.0117145	0.9528343
108	1.2492504	-0.1472935	0.0860219	-0.1463296	-0.1101424
109	1.2192939	0.0182328	0.0393918	-0.0581674	0.0224999
110	0.0925680	0.0784695	-0.0363865	1.0459033	0.0495544
111	-0.0111748	0.1111185	0.0998340	1.0558066	0.0792952
112	-0.1876323	-0.0924035	1.0151238	-0.0551467	0.0441666
113	1.1465247	-0.0151640	-0.0120161	-0.1982627	0.1330903
114	-0.0697189	-0.0410472	-0.0257651	-0.1273629	1.0800590
115	-0.1887831	0.1316069	-0.0225215	-0.0899242	0.9620913
116	0.1375168	-0.0694474	-0.0053916	1.1759658	-0.1705950
117	-0.0588633	-0.0092569	0.0145714	1.1853839	0.1018839
118	0.0124479	0.0106012	-0.1380594	0.0128056	0.9976059
119	-0.0064390	0.1532268	0.9385860	-0.0088972	0.0458555
120	-0.0184998	0.8470757	0.0105865	0.0532508	-0.1234360
121	1.1664308	-0.0427877	-0.0236302	-0.1326303	0.1187952
122	-0.0437616	0.0885357	0.9668529	-0.0530648	0.0432705
123	1.0849759	-0.1789158	-0.0051223	-0.0314689	0.0899364
124	0.9358624	-0.0156305	-0.0135890	0.1590694	-0.1372133
125	-0.0366566	-0.1949269	0.1239323	0.0999369	0.9337550
126	-0.0944359	0.0428325	0.0112842	0.9766120	-0.0976863
127	0.0754318	0.0058030	1.0545733	0.1394693	0.0376697
128	0.0765340	1.0142108	0.1381143	-0.1185753	0.1463476
129	0.9890559	0.0157286	0.0955471	0.0018595	0.1199879
130	0.1695825	0.1574388	0.1128656	-0.1326981	1.0982228
131	0.9184329	-0.2219944	0.0121749	0.0086316	0.0452977
132	-0.1130441	0.1447333	0.0829621	-0.0353829	0.9154521
133	-0.1066088	-0.0830315	-0.1758088	0.9450257	-0.0146311
134	1.0619049	0.0278735	0.0085143	0.0346211	0.0063565
135	0.0501708	-0.0573707	-0.0075570	-0.1457084	1.1807021
136	0.0758075	0.9267673	0.0640703	0.1076581	0.2821541
137	-0.0440291	-0.1366721	1.1795355	0.0575022	0.0152066
138	-0.0904211	0.1324445	0.2617833	-0.0766874	0.9084032
139	-0.1178706	0.0471353	-0.0757554	0.0748518	1.0101208
140	0.1419502	-0.1521144	0.0168031	0.9908198	0.0460434
141	0.0219937	-0.0967307	1.0305287	-0.0255137	-0.1104315
142	0.0770697	0.9541053	-0.2023296	-0.0353961	-0.0745547
143	-0.0526988	0.8714334	-0.1298176	0.2668696	-0.1721424
144	1.0698733	0.0520505	-0.1422636	0.1308098	0.0465853
145	-0.0466265	1.0916011	-0.0387167	-0.0300170	0.0856616
146	-0.0256904	1.0001408	-0.0992507	-0.2371137	0.0266023
147	-0.0368968	0.1608663	1.0035633	0.0599022	-0.0164438
148	0.0256737	-0.1312412	-0.1231316	1.0332604	0.0232027
149	0.3427634	-0.0297651	1.0602819	-0.0499335	0.0227866
150	1.0956327	0.0313901	-0.1863222	-0.0056656	-0.0822844
151	1.1217611	-0.0864178	-0.1106622	0.0420842	-0.0076284
152	0.0105905	-0.0253760	-0.0617500	1.0162900	-0.0207044
153	0.0065916	-0.1770668	-0.1140699	1.0237698	-0.0709797
154	0.0047936	0.8832868	-0.0273146	0.1390409	-0.0029521
155	1.1539087	-0.0064604	-0.1681936	0.2474713	0.0828738
156	0.9909524	0.1803936	0.2547189	0.0623498	-0.0467744
157	-0.0631375	1.2566663	0.0110721	-0.1824549	0.0044878
158	0.0583930	1.0805116	-0.2212265	0.1947634	-0.1569782
159	-0.0867909	-0.0684024	-0.1976369	0.0009209	0.9575185
160	1.1031287	0.0236926	-0.0076789	-0.0396513	0.1083677
161	0.1218050	0.0539770	0.0710690	1.0566507	-0.1390736
162	-0.0403625	1.0874360	0.1394026	0.0602255	-0.1465809
163	-0.2359354	0.1183196	0.0525195	-0.0150907	1.1061816
164	0.0308840	1.1709094	0.0253641	0.0430640	0.0680568
165	-0.0131435	-0.0651172	0.0716628	-0.2356288	0.9880052
166	-0.0451597	1.0262497	0.1802028	-0.0509902	-0.0606525
167	-0.0091845	-0.1663574	0.0297718	0.0230729	1.0251610
168	0.0482937	-0.0253128	-0.0316993	0.1030583	1.1181839
169	0.0785787	-0.1122661	0.1041760	0.1797236	1.0686067
170	-0.1729956	0.1252657	-0.0936566	-0.1103958	0.9267543
171	-0.0045655	0.0166485	-0.1346258	1.0816290	0.0458686
172	0.0630245	0.1573282	0.0193031	0.9632431	0.0760379
173	-0.0651053	0.0963743	0.0745081	0.8278945	-0.0769204
174	0.1132905	-0.0230449	0.7371019	0.1250713	-0.0337535
175	0.0328481	0.1859092	0.0695826	0.1240531	0.8896337
176	0.0211225	-0.1988821	0.0709605	-0.0572930	0.9427227
177	1.1044984	0.0830339	0.0070683	0.2023288	-0.0931716
178	0.8286880	-0.1745800	-0.0196263	-0.1583108	-0.0523080
179	0.0801482	0.0136556	0.0172415	0.8084300	-0.1206406
180	-0.0896647	0.8961623	0.0935613	-0.0384950	0.0937872
181	0.1041425	1.0830259	0.0788881	-0.0790982	-0.0366184
182	-0.0072574	-0.1322006	0.1519086	-0.0038619	1.0091636
183	1.0791076	-0.3225910	-0.1098744	-0.0555227	-0.0008689
184	0.0617407	0.0009065	0.9991640	0.1265880	-0.0403971
185	-0.0451397	1.0516213	0.1827097	-0.0341964	-0.2218303
186	1.0517145	0.0182414	0.0845252	0.1059425	0.0583572
187	-0.0331551	0.0501137	-0.0072676	-0.0121451	0.9316382
188	1.1775997	-0.2600303	-0.0870010	-0.1726912	0.1639742
189	0.0108382	0.0994873	-0.0044712	0.8253105	0.0325018
190	0.1267418	-0.0205571	0.8003698	-0.0143252	0.1263303
191	0.0453472	0.0210668	-0.0909201	1.0043786	-0.1416834
192	-0.1678679	-0.0392728	1.1030056	-0.0097620	0.0691247
193	-0.0024798	-0.1712992	0.0806679	0.1367296	1.1407334
194	1.0833209	-0.0270026	0.0081445	-0.0647973	0.0035404
195	-0.0120663	-0.1631337	-0.0581201	1.1866861	-0.0262800
196	0.9286539	0.1448221	-0.0583384	-0.0541415	0.0106664
197	-0.0893941	-0.1261706	-0.0087069	-0.0186363	1.0375804
198	-0.2246433	-0.1427110	-0.0867335	1.0153335	0.0332272
199	-0.0098217	1.0095129	0.0060040	-0.2995945	0.0441116
200	-0.0403017	-0.1935410	-0.0257879	0.0742305	0.9979580
201	-0.2002667	0.0205622	-0.0351737	-0.1556688	1.1391065
202	0.0429872	-0.1851740	0.0053008	0.9068007	-0.1639969
203	-0.0789739	1.0448360	-0.0554618	0.1008707	-0.0053955
204	0.0953115	0.8692425	-0.0579888	-0.0599801	0.0716676
205	1.0733105	0.0642316	-0.1894373	0.1053651	0.0484052
206	0.1498353	-0.1012916	0.9603201	-0.1073061	0.0026449
207	0.0233210	0.1129725	-0.0361930	0.0681308	0.9070497
208	-0.0431902	0.9556850	0.1287083	-0.1216993	-0.1108531
209	0.1685365	0.0616693	0.1395246	0.9327758	-0.1060461
210	-0.0591716	-0.0724172	0.9846172	0.1225850	-0.0241582
211	0.1361163	-0.2782937	-0.1914625	-0.0669048	1.0296543
212	-0.1082196	0.9712694	-0.0539967	0.0418541	0.0196164
213	0.0356394	0.9908375	0.1357685	-0.0981546	0.0717765
214	0.8683858	-0.0962834	0.2269261	-0.0795621	0.0155774
215	-0.0643465	0.1558347	-0.0910421	0.1433852	1.0276870
216	-0.1302961	-0.0268611	1.0770286	0.0951327	-0.0144532
217	-0.0798381	0.8535778	0.0073356	-0.0287643	0.1004042
218	1.2488595	-0.1746043	-0.0479469	0.1693248	0.0259178
219	0.1087350	0.2042119	1.0540648	0.1045353	-0.0396331
220	0.0649601	-0.0705441	-0.0393121	1.1156478	-0.0532300
221	0.9724898	-0.0288551	-0.3146510	-0.0152675	-0.0152227
222	0.0613341	0.0752870	0.9567419	0.0255606	0.0116840
223	1.1098465	-0.1116601	-0.0012675	-0.1004601	0.0001646
224	-0.0715457	0.1200396	-0.1919008	1.2184675	-0.0157834
225	-0.0998054	0.0350279	1.1245819	0.0172007	-0.0818548
226	-0.0757010	0.9335809	-0.0176809	-0.0138836	-0.2446361
227	0.0313779	0.0199675	1.0405408	0.0766918	-0.1542122
228	-0.0179253	0.0748318	-0.1105017	1.0428802	0.1185272
229	1.0620335	0.0788065	0.1532075	-0.0700733	0.0374512
230	-0.1738505	0.8496305	0.0248677	-0.0931661	0.1070876
231	0.1181646	-0.1110073	1.0542863	0.1274448	-0.0182599
232	-0.1177166	-0.0273083	0.0712787	0.9463401	0.1164370
233	0.0639629	0.0002751	1.0640733	-0.0548055	-0.1663323
234	-0.0273615	0.0262221	-0.0807385	0.2343388	0.8897852
235	0.0738697	-0.1421036	-0.0273515	0.9643986	0.0483108
236	1.1996408	0.1147099	-0.0217281	-0.0078865	-0.1044156
237	-0.0417978	0.1507240	0.9144847	0.0130291	-0.1346537
238	-0.1180685	0.9221318	0.1254511	0.1040257	0.0284414
239	0.0030450	0.0772845	-0.2181598	0.8731068	-0.1235030
240	0.0168571	0.0235348	0.0604621	-0.0034177	0.9498854
241	1.1502726	0.0392091	-0.2104922	-0.1432184	-0.1100169
242	0.0343810	-0.0914432	1.0146587	0.0122864	0.0240683
243	-0.0272039	0.0492960	-0.0411268	0.1083377	1.0796014
244	-0.0071698	0.0930548	1.1260847	0.0492482	-0.0943540
245	0.1047961	0.1829704	0.0890968	1.0680620	0.0805381
246	0.0223536	0.9149930	0.0540839	0.1335212	0.0822576
247	1.0704814	0.0351376	0.0119098	0.1249871	0.1183516
248	0.0782281	-0.0618359	0.0717029	0.0163111	0.9310625
249	1.2108511	0.1043586	0.1360976	-0.0196780	0.1065412
250	1.2642117	-0.1471526	0.0143223	-0.0116029	0.1312405
251	-0.1329085	1.2087337	-0.0282830	0.0082841	-0.1573687
252	-0.0865957	0.0827797	0.1156229	0.8202104	0.0244828
253	0.1186595	-0.1310126	0.0139491	0.1430354	1.0376875
254	0.0143490	-0.0015825	-0.1085742	0.9493967	-0.0146932
255	0.1142506	0.0213505	-0.0015625	0.1155568	0.9530535
256	-0.1675794	0.8369024	0.1198972	-0.0210278	0.0898807
257	-0.0572605	-0.0215753	-0.0941615	0.0026282	0.9415706
258	0.0585292	1.0164773	-0.2180376	-0.0899472	-0.0986466
259	0.9347083	0.0508038	-0.1242037	-0.0571480	-0.0394856
260	1.1803431	0.0438379	-0.0327591	-0.0323640	-0.0660732
261	-0.0360593	0.0507667	-0.0384571	0.9756134	0.0554926
262	0.0595099	0.7937011	0.0697969	-0.0786895	-0.1796795
263	0.1056101	-0.0898888	0.9727644	0.1427523	0.0970484
264	-0.0407165	0.0788310	0.0044292	1.0545601	0.0991366
265	0.1255878	0.9696325	-0.0616049	-0.0537231	-0.1049381
266	-0.1557587	-0.0098147	-0.1897430	0.0969254	1.0002984
267	0.0082150	-0.0417558	0.8944377	-0.0732900	0.0595725
268	0.9486004	-0.0192219	0.0019392	-0.1506784	-0.0283383
269	-0.0323571	-0.0291396	-0.0351297	1.0696652	0.0476110
270	0.0327968	0.9708546	-0.0189274	-0.0405021	-0.0475900
271	0.1375551	0.0375856	0.1155963	0.0033219	1.1359510
272	-0.0856552	-0.0017275	0.1149254	0.0678417	0.8859245
273	0.0046847	-0.0764909	-0.0383187	1.0260139	-0.0307927
274	0.0267748	-0.0553928	-0.1003554	-0.0941721	1.0355727
275	0.0336486	0.9922668	0.0421132	0.0876200	0.1480616
276	0.0774521	-0.0307119	-0.0053274	0.9515290	-0.0577405
277	0.1153900	-0.0906474	1.4302011	-0.2153009	0.2699332
278	0.0783723	-0.1025180	1.0843748	-0.0384837	0.0652646
279	0.1302584	0.1320840	0.0697613	0.1003510	1.0091142
280	0.9952074	0.0365213	-0.0373353	-0.1185007	0.1544675
281	1.1077822	-0.1010474	0.1060997	-0.0970661	-0.0205662
282	0.9362864	0.0778395	0.1458974	0.1167523	-0.0935762
283	0.0376115	0.0909727	-0.1521459	1.0519736	-0.1532630
284	0.0924140	-0.3012177	0.1066874	1.0205911	0.0687278
285	0.9190567	-0.0148578	-0.0664578	-0.0122957	-0.2135432
286	-0.0675159	0.0304917	-0.0544607	0.9361554	0.0844718
287	1.1862791	0.0521461	0.0484216	0.1296625	-0.2106757
288	1.0375617	0.0340201	0.0362466	-0.0424415	0.2771352
289	1.0796964	0.0096860	0.1432764	-0.0474031	0.1419208
290	0.0648697	0.0828520	-0.0515141	0.9323919	0.0272525
291	0.0245829	-0.0526188	0.0486097	-0.0288051	1.0435477
292	1.1009997	-0.2489411	0.0216179	-0.1582536	0.0419964
293	-0.0994517	-0.1225777	0.1046810	1.0555410	-0.0597587
294	0.0457856	0.0648349	1.0767277	-0.1500051	-0.0095050
295	0.0007273	0.0750273	0.9718200	0.0480868	0.0107744
296	1.2082399	-0.0642531	-0.0417781	0.1298906	-0.1324572
297	-0.0122995	0.0363027	0.0745908	-0.0831318	1.0573955
298	0.0567758	-0.1422197	0.2183049	0.0624895	1.0183695
299	0.9215269	0.2061026	0.0251016	-0.0714696	0.1630043
300	-0.0390561	1.1122101	-0.0104040	-0.0109023	-0.0524395
301	0.0356032	0.0426701	-0.0486743	-0.0198101	0.9985190
302	-0.0499596	0.0196108	0.0509874	0.8995264	0.0889458
303	0.0495260	0.9228171	0.1798534	0.1927519	-0.1474520
304	-0.0210646	-0.0395006	0.8195950	-0.1598907	0.1575482
305	0.0543104	0.9665428	-0.1512081	0.1292410	-0.2306262
306	0.1270609	-0.0371520	1.2882229	-0.0863215	0.0350163
307	0.9492901	0.0129770	0.0628536	-0.0736748	0.0859401
308	0.0610986	0.0677550	0.9848636	-0.0728455	0.0402292
309	0.9159304	-0.0392766	-0.2333840	-0.2071152	0.0326095
310	-0.0073759	0.9884849	0.1013716	0.0847095	0.0155078
311	-0.0563164	0.1075708	1.0657288	0.0224902	0.0618144
312	-0.1669594	0.1119778	1.1068596	0.0726135	-0.0567011
313	0.0378089	-0.0665353	-0.0454219	1.0395504	0.0313980
314	0.0916692	0.0234191	1.1530177	0.0080444	0.1272514
315	-0.2779584	0.0223244	1.0690739	-0.0256942	0.0458892
316	0.0246347	-0.0546384	0.1385772	0.9742608	-0.0319349
317	1.0197454	-0.0444948	-0.0340662	0.0412894	-0.0079554
318	0.0247245	1.1177794	-0.1040774	0.1679954	0.0618443
319	-0.0147370	-0.1228570	-0.0712363	-0.0933662	1.1016776
320	1.0732909	0.1943189	0.0363479	0.0861766	0.1628055
321	0.1857427	0.0914891	0.1072131	-0.0760931	1.0473691
322	0.1918920	0.8432254	-0.0331495	0.0605826	0.1494686
323	-0.1022585	0.0506771	-0.1164725	0.8830212	0.0165299
324	0.0530166	0.0769890	0.9918336	-0.1003402	-0.0991148
325	-0.1426557	0.9394162	0.1391134	-0.1357493	0.0879970
326	0.9373736	-0.2897654	-0.0181871	-0.0755539	0.0075563
327	1.1511354	-0.0347116	0.0596864	0.1374531	-0.0073295
328	-0.1293393	-0.0904114	1.1365405	-0.1078780	0.0010482
329	-0.0647315	-0.0415860	0.8791348	-0.1096871	0.0559589
330	-0.0187162	0.9733946	-0.0407143	-0.0610076	0.0637236
331	0.0004034	-0.0835882	-0.1489967	0.9746435	-0.1565087
332	0.0348218	-0.0507621	1.0406393	0.0710416	-0.0664632
333	0.0382723	0.1069614	0.0855628	0.9898219	0.0266474
334	-0.0494508	-0.0709654	0.0703028	1.2159543	0.0409092
335	-0.1021054	0.0193062	0.9988295	-0.1152932	0.0188284
336	-0.0479433	0.0319416	0.0844436	-0.0022725	0.9657144
337	1.0889841	0.0597656	0.3167746	0.2037763	0.1032276
338	0.1020016	0.1363145	-0.0336153	-0.0181879	1.1173991
339	-0.0474388	0.0916993	1.2658380	-0.0105615	-0.0311279
340	-0.0105447	0.0229565	-0.0948861	1.0012614	-0.0537830
341	1.2291134	-0.0701827	0.0759905	0.1559860	0.0513836
342	-0.0682573	0.0616413	0.8354527	-0.0610222	0.2208670
343	0.9356882	0.2194055	0.0350530	-0.0626314	0.1396728
344	-0.0149952	1.0522875	-0.1460638	-0.1255696	0.0760762
345	-0.0174086	0.0867341	0.1866565	-0.0166839	0.7957737
346	0.0375362	-0.0402554	0.0836047	-0.0141657	1.0167502
347	-0.1666899	-0.0037731	-0.0615834	1.1956914	0.0357552
348	-0.0616202	-0.0221530	-0.0985476	0.9748905	0.0625363
349	1.1224308	0.0235568	0.1357104	-0.2859441	-0.0447179
350	-0.1147828	0.1213308	1.1279735	0.0314025	0.1363279
351	0.2374581	0.0749332	-0.1594739	0.0571654	0.9787444
352	-0.0421632	-0.2303018	-0.0608866	0.1074673	0.9598967
353	-0.0745955	0.0396028	1.0209531	-0.0247329	0.0466649
354	0.0974060	-0.0343097	1.0566569	0.0364108	0.0718027
355	0.9966707	-0.1113035	0.0900147	-0.1365566	-0.0230183
356	0.0818529	1.2241960	0.1349292	-0.1487777	-0.0371465
357	0.1287198	0.1453254	-0.0341735	1.1642327	-0.1606490
358	1.0793047	0.0288472	-0.0324455	-0.0114707	0.1124635
359	0.0347820	-0.0214900	-0.0620621	0.0982195	0.9036409
360	-0.0573277	-0.0337663	-0.0158936	1.0497839	0.1030352
361	1.1591666	-0.1331335	0.0707696	-0.0811449	0.0416932
362	0.0127533	0.0576650	0.0472650	0.1715416	1.0365087
363	1.0771750	0.0392343	-0.0287634	-0.0395998	-0.0635902
364	0.1857799	-0.0195227	0.9772706	-0.1117382	-0.1190474
365	-0.1289970	0.1049350	-0.2248781	1.0611712	0.0615945
366	0.9221858	-0.0957308	0.0861049	-0.0251484	-0.2641480
367	0.0808607	-0.0055453	0.0329037	1.0140707	-0.0581411
368	-0.0780854	-0.1783556	0.1662759	0.0701862	0.9882351
369	-0.0719572	0.1869970	0.0530229	1.1110929	-0.0353182
370	1.1386461	0.0309812	-0.1231483	-0.1741556	-0.1874297
371	-0.0509740	-0.0662047	-0.0502536	1.1171184	0.0560472
372	0.1614672	0.0867008	-0.1670053	-0.1661511	1.0527053
373	-0.0902199	-0.0774601	0.0941549	-0.0805443	0.9869563
374	-0.0839721	-0.1260702	0.1931866	-0.0228901	0.8949688
375	0.0285065	0.0914695	-0.0174040	0.0782486	1.1238289
376	0.9978585	0.1024102	-0.0418449	0.0163214	0.0592167
377	0.0186471	-0.1428852	-0.0235876	0.8348248	-0.1070758
378	0.1822419	-0.1447371	-0.1996375	-0.0208787	1.1752039
379	0.0195791	-0.1283377	0.8656506	0.0641227	0.1019469
380	-0.0746381	-0.1657622	0.0358895	1.0356319	-0.1598979
381	0.0011854	-0.3886507	-0.0695104	0.9734538	-0.0313195
382	1.0025132	-0.0093054	-0.2402355	-0.1466008	0.1648166
383	0.0521094	0.8969946	-0.0171863	0.0742331	-0.0300186
384	0.0125146	-0.0303499	0.9826056	0.0974522	0.0045221
385	1.0709105	0.0936103	-0.0848743	0.1219926	-0.1459847
386	-0.1115322	-0.0841846	0.9998645	0.0227516	0.0197077
387	0.0162323	0.0063638	0.0862621	1.0805256	0.0333708
388	1.0681347	0.1165403	0.0721476	-0.0136242	0.0040884
389	0.0063540	-0.0790041	0.9282956	-0.1493514	0.1511537
390	-0.1837837	0.7174642	-0.1077268	0.0030819	0.0584960
391	0.1681062	1.0705783	-0.0174874	-0.0986221	-0.1292818
392	-0.0691836	-0.1543320	0.9371100	-0.2171086	-0.0521062
393	0.0065153	0.0359732	1.1804865	0.0492292	0.0241276
394	-0.1076350	1.0937318	0.0608445	0.0706185	-0.0348538
395	0.0200946	0.0096628	0.0470766	0.8751936	0.0103499
396	-0.0435114	-0.1104683	0.0728165	1.0465162	-0.1087052
397	-0.1280692	-0.0588167	0.1126112	1.0273526	-0.0960583
398	0.0941323	0.1363371	0.9798216	-0.0519188	-0.0234224
399	1.0343539	0.0475720	0.1051086	0.0829216	-0.0473040
400	0.0030761	-0.0703303	-0.0277062	-0.0003913	0.9755878
401	0.8924388	0.2123492	0.0740380	0.0728684	-0.0571418
402	-0.1417824	0.1307594	0.8208978	0.0373614	0.0364934
403	0.0766137	-0.0450893	0.9720115	-0.0979636	0.0003819
404	0.1991165	0.0138742	0.2607011	1.1359525	-0.0124490
405	0.1988221	0.0203373	-0.0288061	0.8010052	-0.1811317
406	0.0466030	-0.0080216	-0.0892596	1.0638586	-0.1262483
407	0.8830637	0.2132145	-0.0132771	-0.0507506	0.0068293
408	0.0419564	-0.0304963	-0.0183970	0.9660985	0.1683026
409	0.1569477	0.1210566	-0.0992261	1.0740133	0.2187319
410	-0.1311852	-0.0168072	-0.0161564	0.7915324	0.0900497
411	0.1448809	0.1641345	0.1637872	-0.0607409	0.9637687
412	-0.0492396	0.0930062	0.1314362	1.1041427	0.0427516
413	-0.1607097	0.1593772	0.1485932	0.0074516	1.1665307
414	0.0149916	-0.0958495	1.1274520	0.0096257	-0.0652564
415	-0.0060922	-0.0345584	-0.0598123	1.0514960	-0.0079617
416	0.0412738	0.0492859	0.1685678	0.9844486	-0.0977183
417	1.0288504	-0.0811553	0.0843390	-0.2963456	0.1386759
418	-0.1519220	0.1196020	0.8720159	0.1403836	-0.0760878
419	0.1039641	0.0115869	-0.0375522	-0.0145813	0.7688614
420	1.0989624	-0.0860090	0.1342230	0.0334418	-0.1142523
421	0.0705834	-0.0068889	-0.0308101	0.8594326	-0.0674712
422	-0.0456869	-0.0003462	0.1856220	1.0562569	0.0276541
423	0.2762468	0.0838898	1.0004253	-0.1117454	-0.0044986
424	-0.0865761	0.0224944	0.0074618	0.2045106	1.0133751
425	-0.2018389	-0.1108040	-0.0485902	-0.0905229	0.9466881
426	0.0320394	0.1299147	1.0522170	-0.0243339	0.0012370
427	-0.1445076	0.0087373	1.0938305	0.0182274	0.0616936
428	-0.0489130	0.9351253	0.0347641	0.1954048	0.1110408
429	-0.0667543	0.8367998	0.0312754	0.1053007	-0.1114647
430	0.0436528	0.9501767	0.0786860	0.0091822	-0.0982573
431	0.0354728	-0.0375551	-0.2312859	-0.0137146	0.9723089
432	0.0750312	-0.0335171	-0.0788718	0.2060930	0.9474638
433	0.0097276	-0.1859161	1.0124887	-0.1837616	0.1673407
434	0.0858360	-0.0185315	-0.2377350	0.8073169	0.0775601
435	0.2839133	-0.0881491	-0.1113724	-0.1268056	0.8200543
436	0.0152478	0.0309699	0.8950592	-0.0097221	0.0939807
437	0.0392910	-0.1387413	0.0575619	0.9006151	-0.0390308
438	0.9675786	-0.1002549	-0.0536308	-0.1410815	-0.1321384
439	0.0153125	0.0871361	0.0360461	0.8545482	0.0210189
440	-0.0055701	1.1065648	-0.0155981	-0.0968295	-0.1611371
441	0.1207080	-0.0303650	-0.0762585	0.9252386	-0.1535057
442	-0.0246398	-0.0657583	0.0248498	0.0481867	0.9306986
443	-0.0430307	-0.0379501	0.9298222	0.0360000	-0.1953968
444	-0.2064323	0.0467527	-0.0145076	-0.0037563	0.9630377
445	-0.0129120	0.8151880	0.0464316	-0.0452891	-0.0875411
446	-0.0657505	-0.1896451	0.1325652	-0.1035778	0.9954374
447	0.1005648	-0.0696597	-0.0032486	1.1068442	0.1643770
448	0.1003363	-0.0905745	0.8783555	0.1060433	0.1270229
449	0.0605500	0.9205986	-0.1327790	0.0458001	0.0877381
450	-0.0490657	-0.1341534	0.1045217	-0.0665195	1.0406088
451	1.0228553	0.0619817	0.0842838	-0.0536841	-0.0934539
452	-0.1625453	0.0967804	-0.0541034	-0.0745385	0.9989986
453	-0.1987708	0.0155004	0.0980036	0.8121683	0.0788523
454	-0.0403434	-0.1263290	-0.1108862	0.0286182	0.9455864
455	0.0046585	0.9415880	0.0261250	-0.1246322	0.0819229
456	-0.1211549	1.2054479	0.2461517	0.1317856	0.0332761
457	1.0042350	-0.0114758	0.0245649	-0.0058367	0.0201204
458	-0.0752550	-0.0949525	-0.0768380	-0.1624567	0.8713926
459	0.0865071	-0.1650668	1.0693967	0.1831639	0.1550026
460	0.0606192	0.8513090	0.0051878	0.0620620	-0.0440399
461	1.0119934	0.1018183	-0.0338724	-0.1096053	0.0924814
462	0.1656525	-0.0501819	-0.0950276	-0.0399642	0.9070815
463	0.1843673	-0.0631638	1.0063694	-0.0167370	0.0062288
464	0.0251312	-0.0607712	-0.0663097	0.8411349	-0.1410944
465	0.0560300	-0.0981434	0.8325776	0.0614505	0.0755954
466	1.0433217	-0.2214959	-0.1515556	-0.1721738	-0.0292034
467	0.1060777	-0.1692356	0.7714382	0.0788101	-0.0652182
468	-0.0420515	0.0104428	-0.1015514	0.0714337	1.0325029
469	0.0984659	-0.1833009	-0.1311856	-0.0781057	0.9672043
470	-0.1697566	-0.0338969	1.1055464	-0.2038185	0.0071396
471	-0.0050757	-0.0784378	0.0654630	0.0173609	1.0128745
472	-0.0320925	-0.1028108	1.0302520	0.1459597	-0.0848939
473	-0.0123941	-0.1917819	-0.0310030	0.8561504	0.2140848
474	1.1641476	0.0291898	-0.0208686	0.0243835	0.0307666
475	0.9367676	-0.0933867	-0.1483871	-0.1204961	-0.0607134
476	0.1533067	0.9620889	0.1537419	-0.0095890	-0.0824725
477	0.9339936	0.0738047	0.1362278	-0.0548575	-0.0976075
478	0.8831753	-0.0562834	-0.0555870	0.1952906	-0.0428600
479	1.0842197	0.2279291	0.0944160	-0.1428452	-0.1427722
480	0.0706030	0.2538375	0.0700947	0.2398559	1.0080686
481	-0.1340574	0.7582129	-0.1207599	-0.0266612	0.1305965
482	1.1227816	-0.0015040	-0.0100829	-0.0552993	0.0863112
483	-0.1363325	1.1100769	-0.0773992	0.2130504	-0.0215605
484	-0.1392047	0.0059633	0.0038451	-0.2450658	0.9722278
485	0.1726274	1.1046248	0.0655736	0.0499119	-0.0236384
486	0.1492267	-0.0006563	0.0749315	-0.0456577	1.0596058
487	0.0498803	-0.0626148	0.0330304	0.9639390	0.0029782
488	1.1050332	0.0126325	0.0525891	0.0773461	0.0537453
489	-0.0514900	0.0047972	-0.0833771	1.0901695	-0.0400757
490	-0.0103218	0.8567341	-0.1673539	0.2029290	0.1190003
491	-0.0124300	0.0057877	0.0293142	0.9915469	-0.1045226
492	0.0271197	0.0686387	0.1303964	0.9676925	0.0017153
493	0.9096667	0.0885805	0.1408708	-0.0601791	0.2255807
494	0.0588590	-0.1073525	0.0941367	0.9901451	-0.0421534
495	0.0115923	-0.0754928	1.0485877	0.0629207	0.0815734
496	-0.0101594	0.0294113	0.0080468	0.0774863	1.0498208
497	-0.0284244	0.0440809	0.0856608	0.0628442	1.0593313
498	-0.1163694	0.9066922	-0.3025010	0.1140730	0.1393658
499	0.2163761	1.0056432	-0.0292241	-0.1402721	0.0257618
500	0.1663660	0.8909045	-0.1906068	-0.0219358	0.0466456
501	-0.0191246	-0.0676539	0.0783086	1.1274045	0.0379862
502	0.0645124	0.0773024	-0.0819176	0.9124631	0.1176871
503	0.0233165	-0.0886641	0.0989825	0.9775694	-0.0548089
504	0.2284987	0.1043693	0.0225398	-0.0074461	1.0532969
505	1.0007603	0.0442587	0.0589109	0.1353226	0.0535998
506	0.0184242	0.0859672	0.9780108	0.0514955	0.0952035
507	-0.1625648	-0.0514038	0.9981744	-0.0473480	0.0715158
508	1.1411554	0.0380220	0.2029855	0.0213182	0.1088943
509	-0.1127369	0.8195113	0.0746368	0.1717192	0.1519922
510	0.0265084	-0.1201121	0.9495111	0.1699043	0.1175253
511	0.1241760	-0.1863261	0.0927659	1.0908498	0.1888460
512	-0.0719719	0.0330672	0.0286073	-0.0235909	0.8944076
513	0.1042103	0.0274203	0.9659722	-0.0065196	-0.1850344
514	-0.1181594	0.0869431	1.0800377	-0.0015395	0.1281785
515	1.1408674	-0.0517912	0.1303262	0.0212136	-0.0338509
516	0.0047351	-0.0610986	-0.1028238	1.0859540	0.0159082
517	0.8225734	0.1009182	-0.1946545	0.0287107	-0.1175857
518	1.0896404	0.0170065	-0.0840173	-0.0926683	-0.1949096
519	-0.1402091	-0.0010056	1.0694643	-0.0003767	0.0068628
520	-0.0067249	0.9535890	-0.1004759	-0.0202250	-0.0437575
521	1.0967642	-0.0729032	0.0482309	0.0913754	-0.0403625
522	0.1156186	1.0540013	0.0484784	0.1055211	0.1691587
523	-0.0512263	1.0066875	-0.0861278	0.0105955	0.1003743
524	0.0487366	0.1145076	-0.0367322	0.0420181	0.8667152
525	0.0286141	1.0836324	0.1498367	-0.1358320	-0.1788446
526	1.2281313	0.0116882	-0.1447341	-0.0394870	0.1096027
527	0.0793187	0.0507073	1.0430407	-0.1244484	-0.1189789
528	0.2070342	0.0133926	-0.1162167	1.0357310	-0.0869769
529	-0.0510429	-0.0972462	0.8640697	-0.0116951	-0.1167356
530	0.9526324	0.0259012	0.0276588	-0.1160715	-0.1200077
531	-0.0550226	0.8011890	0.0263089	0.0466492	-0.0118750
532	-0.0450620	0.0356406	-0.0136890	1.0416379	-0.1021637
533	0.0270917	0.0765202	-0.0353900	1.0594165	0.0109590
534	0.0721949	0.1859801	0.0043419	-0.0666380	0.9921536
535	0.0397201	0.1560318	0.9887212	-0.0556855	0.0125279
536	-0.0190013	1.0055805	-0.0418128	0.0077459	-0.1029548
537	-0.1191163	1.1125568	0.0465950	-0.0259328	0.1542075
538	-0.0194722	0.1063220	0.0006572	1.0603830	-0.0022477
539	0.0468739	-0.0708158	1.0943197	-0.1469251	-0.0626435
540	-0.0328120	0.9648416	-0.0262995	0.1463527	0.0194124
541	0.1999063	-0.0468092	-0.0785583	0.7867428	-0.0675390
542	0.0254924	-0.0465382	0.9493180	0.0881471	0.0071129
543	-0.0914372	0.1138976	0.0105657	1.0307105	-0.0969447
544	-0.0252957	-0.0370303	0.9561763	-0.0074960	-0.0742041
545	0.0723369	0.9322284	-0.1423771	0.0871226	-0.0282565
546	-0.1100236	1.0359611	0.0900976	0.0749826	-0.0394603
547	1.0854378	0.0462584	0.0718617	-0.0464266	-0.1990263
548	0.0616565	0.7262866	-0.0333906	0.0807752	0.0989228
549	1.1296623	0.1537667	0.3208138	-0.2392946	0.2051126
550	0.0699635	0.1858192	1.0616133	-0.2187730	0.1430006
551	-0.0697821	-0.0168715	0.0708084	-0.1244813	1.0846382
552	-0.1056823	-0.0625150	-0.0492894	-0.1088657	0.9115237
553	-0.0768924	1.0782575	-0.0548823	-0.0338182	0.1743252
554	-0.1220469	-0.0331838	0.9784419	-0.0402544	0.1279492
555	-0.0648590	0.0378270	-0.0213345	0.0420291	1.2849726
556	0.9151412	-0.0156086	-0.0853390	-0.0071028	-0.0732898
557	-0.0149239	1.0308032	-0.0773535	0.0924954	0.1148171
558	0.0204110	1.1332281	-0.1164972	-0.1007039	-0.0168209
559	0.1692595	0.8371330	0.0083639	-0.0291115	-0.0229945
560	-0.2008089	-0.0020281	0.0703144	1.1347150	0.0750547
561	-0.0199698	0.1283048	0.9796755	-0.0351818	-0.0050934
562	1.1616873	0.0336460	-0.0187811	0.0853328	0.0723997
563	0.0788489	-0.2114691	-0.0252207	1.0547243	-0.0940775
564	-0.0759241	-0.0001971	0.1211595	0.0386577	1.1278973
565	1.1350550	0.0617019	-0.1499567	0.0571703	0.0282572
566	0.9762573	0.0816917	0.2297945	-0.1326412	0.1097455
567	0.9895879	-0.0140150	-0.0342247	0.1052096	0.0951960
568	0.1062972	0.9487814	0.1621431	-0.0485758	-0.0505760
569	0.0381863	-0.2217758	1.0755613	0.0747919	0.0028398
570	1.1566427	-0.0767574	0.1016707	-0.0022791	-0.1269260
571	-0.0733638	0.0454041	1.0471177	-0.0833884	-0.0238443
572	0.0498065	1.0031100	-0.0888986	-0.1080456	0.1095169
573	0.2854072	-0.0087095	0.9566257	-0.0487354	0.0436481
574	-0.0838931	-0.1295742	-0.0005051	0.7660745	0.0984429
575	-0.0798182	-0.0187908	0.0966045	0.8789572	0.0055759
576	0.1226591	0.0210207	1.1051549	0.0723657	0.0529860
577	-0.0820406	0.0295394	-0.1779607	-0.0332156	0.9741446
578	0.0573680	0.1533440	0.9624828	0.0242812	-0.1167769
579	0.0470204	-0.0125523	-0.0083911	0.1967139	1.0222985
580	-0.0243323	-0.0543575	0.0582421	1.0807091	0.0329703
581	1.1047868	-0.1101353	0.0615837	-0.0244476	-0.0120518
582	-0.0698339	0.9228441	0.0375211	0.0232991	0.1730684
583	0.8633993	-0.1745386	0.0386626	-0.0110258	0.0686475
584	0.0616770	0.0219393	0.8513552	0.0081729	-0.0573592
585	-0.0075366	-0.1777254	0.9417001	-0.0387746	-0.0786392
586	-0.0380743	-0.0504330	0.0203714	0.9996872	-0.0126334
587	-0.0115638	0.7523747	0.0283960	-0.0690278	0.0597652
588	-0.0243360	-0.0993044	-0.1191378	-0.0391267	0.8988621
589	0.0983295	0.1437134	0.0155639	0.8619409	-0.0066268
590	-0.0345865	0.0162841	1.0785535	-0.1028412	-0.0986546
591	0.0323049	0.0153280	-0.0122929	0.9346052	0.0790851
592	0.0148872	-0.0321473	0.9093714	0.2263611	0.0373781
593	-0.1689927	1.1998660	0.0207367	0.0288947	0.0335991
594	1.0329676	0.0646943	-0.0645060	-0.0297051	0.0348560
595	-0.0010307	1.0827481	0.0335619	-0.1544377	-0.0197133
596	-0.0660499	-0.0269694	1.0787596	-0.0027277	-0.0670981
597	1.0907946	-0.1150435	0.0877940	-0.0630629	0.0316859
598	0.0311182	1.0695794	0.0267249	0.0034188	0.0438443
599	0.0984191	-0.0140542	-0.1234280	-0.0180424	1.0970128
600	-0.1245529	-0.0971233	-0.1649070	1.0474989	-0.0754045
601	0.8986171	-0.0444757	-0.1084548	-0.0673689	0.0550085
602	0.1034466	-0.1206925	1.0029129	-0.0229499	-0.0612549
603	-0.2581733	-0.0552034	0.0058988	-0.0183146	0.8434912
604	-0.0779952	0.0101703	0.0490889	0.0012941	1.0153476
605	0.1216098	-0.0315510	1.0351436	0.0128595	0.0078534
606	-0.0165419	-0.0086916	0.0180144	1.1189287	-0.0345399
607	-0.1996099	1.1350842	-0.0030601	0.0782434	0.0252662
608	-0.1075625	-0.0866980	0.8954271	0.1036083	-0.0497382
609	0.0563067	-0.0125376	0.0174179	0.0055881	0.8392900
610	-0.0713917	0.0744893	0.1212651	0.0726139	0.9712940
611	-0.1197791	-0.1534679	-0.0735033	-0.0540364	1.0684692
612	-0.1952152	0.9888425	-0.0915726	0.0787929	0.0529433
613	0.0302165	-0.0692987	0.0193033	0.8920165	-0.0753560
614	0.9078673	-0.0461823	-0.1059421	-0.0905347	0.1659943
615	-0.0014926	0.8531343	-0.1133755	0.0834765	-0.2087440
616	-0.0112736	-0.0486196	0.8636585	0.0999965	-0.0359294
617	-0.2754813	0.9964314	0.1118599	-0.0167425	-0.2031655
618	0.0723404	0.0640260	0.0499352	0.9979338	-0.0524212
619	0.0466422	-0.1485299	-0.1346888	-0.0792570	0.9286105
620	0.9170498	0.1339217	0.1131796	0.0378037	-0.0442374
621	0.0579699	0.9780583	-0.0131117	-0.1177248	-0.0260932
622	-0.0588147	0.0993658	-0.1054864	1.0499055	-0.1341387
623	0.0723020	1.1041718	0.0173181	0.1129493	-0.0315059
624	0.0612053	1.1555941	0.0325899	0.0847309	0.0070975
625	0.0580517	1.2690614	-0.0703464	-0.0820641	-0.0490198
626	1.0449130	-0.0068784	0.0507914	-0.0548507	0.1243741
627	0.1360268	0.1226354	-0.0384172	0.0577871	0.8630053
628	0.0408167	0.0371980	1.0820392	0.0124437	0.0794627
629	-0.0348846	-0.0629145	0.0782352	-0.0850096	1.1095419
630	0.1354137	1.0288287	0.0086618	0.1390860	0.0587208
631	0.9214569	-0.0659790	0.0630841	-0.1426540	0.0570501
632	0.1344812	-0.0359606	0.9152623	0.1743305	0.0268624
633	0.0876729	-0.0214507	0.9692026	-0.0683486	0.0922397
634	-0.0087753	0.0387109	0.0438223	0.9894865	0.1714912
635	0.0251829	0.8540120	0.1552985	-0.0754203	-0.0252946
636	-0.0135871	0.0663111	0.0438815	-0.0863604	1.0144663
637	1.1169850	0.1522653	0.1764270	-0.0678844	-0.0983820
638	-0.1611361	0.2000819	0.9733450	0.0275028	-0.0107431
639	0.0101224	0.0557992	-0.0438584	1.0229484	0.0842491
640	1.1488680	-0.0861284	0.0233763	-0.1401080	-0.0438053
641	0.2798669	-0.1911111	-0.0045837	0.9575884	-0.1506738
642	0.0280229	1.0443191	-0.0740117	0.1070368	-0.0258771
643	0.0505542	0.0370149	0.0627137	0.1151537	0.8738292
644	-0.0423298	-0.0348990	0.8802056	-0.0743929	0.3001395
645	0.1783860	0.0433836	-0.1305521	-0.1144870	1.1383907
646	-0.1168119	0.0520143	-0.2453675	0.9958444	0.0137326
647	-0.0997976	1.0217759	0.0070428	0.0690826	0.0627515
648	-0.0040921	0.1461397	1.0615302	0.1235723	0.0301161
649	-0.0579781	1.0443842	0.0514526	0.0600437	0.0142276
650	1.1070392	-0.0832115	0.1411943	-0.0815872	-0.0004894
651	-0.1052126	0.9969020	0.0018789	-0.0428721	0.0804143
652	0.1101124	-0.0411867	-0.0461615	1.1440097	-0.1920005
653	-0.0671428	-0.0248331	-0.0976159	0.9073583	-0.0089611
654	0.0542574	-0.0237822	0.8047343	-0.1178030	-0.0682883
655	-0.0652821	-0.1085027	0.9059511	-0.1208956	0.0102042
656	0.0392313	0.0875899	0.0900216	1.1546297	-0.1253752
657	0.0427892	-0.1724635	-0.0362649	0.0182460	0.9826581
658	1.1184630	-0.0584781	-0.0011140	-0.2046264	0.0489417
659	-0.1205657	0.9105205	0.0049243	-0.0482689	-0.0026194
660	0.0996023	1.1361450	-0.0022253	-0.0167303	0.0483192
661	-0.1033776	-0.1287543	0.1228842	0.0586950	0.9314719
662	-0.0740487	-0.1391225	0.9646054	-0.0632597	0.0196580
663	0.1240571	-0.0071331	0.0847314	0.0391298	0.9777555
664	-0.1046183	-0.0171808	1.0004057	0.0181636	-0.1170452
665	-0.1282837	0.9116122	0.0825443	0.1256605	-0.0283529
666	0.0782820	0.9317972	-0.1149337	-0.1447238	0.0330615
667	0.0929432	0.1200274	0.0678227	1.0006983	0.2660477
668	-0.1104355	-0.0641289	-0.0005519	0.0925858	0.8999507
669	0.0218591	0.0458796	0.0509470	0.9604516	-0.2698134
670	0.9700825	0.0672235	-0.0159315	-0.0032587	0.0113264
671	-0.0449304	0.8920444	-0.1168822	0.2861330	0.1903618
672	0.9973827	-0.0246013	0.1199172	-0.0099800	0.0030701
673	-0.1269806	0.0176000	-0.0868731	0.1134136	0.8822494
674	-0.0941039	0.0786802	0.0918554	-0.0313376	0.9991959
675	1.1354226	-0.0024342	0.0350963	-0.1790219	-0.0050328
676	0.1981329	-0.0501721	0.1641458	0.8602699	-0.0158046
677	-0.1167033	-0.0399366	0.9817904	0.0533145	0.1934200
678	0.0513905	-0.0428085	1.0583912	-0.1417197	0.1231858
679	0.1939690	0.0005818	0.1383517	1.0238829	0.1175797
680	-0.0185921	1.0904469	0.1278138	0.0185592	-0.1075217
681	1.0107171	-0.1222036	0.0138395	0.0265719	0.0422784
682	0.0380833	0.0648957	0.0199375	0.9264359	-0.0292699
683	1.0683270	0.0417208	0.0924490	-0.2248066	-0.1587180
684	0.0407001	0.0013538	1.0826535	-0.0407879	-0.1453451
685	-0.2570741	0.0491536	0.0119420	-0.0239238	0.9391788
686	0.0186731	-0.2238384	0.0147593	0.0610985	0.8640840
687	1.1048078	-0.0947823	-0.0993041	0.0924274	0.0418013
688	0.0931105	-0.1621234	0.1365267	0.2185684	0.9839111
689	0.9126258	0.1290809	0.0783296	0.0395501	-0.1149016
690	-0.0718810	0.0004875	0.2120009	-0.0437248	0.9458040
691	-0.0739211	0.0329900	0.9416998	0.0260638	0.0722025
692	1.1967897	0.0963907	-0.0534708	-0.1230756	-0.0646735
693	-0.0971373	0.9297737	-0.0185020	-0.0579680	-0.0602021
694	1.1491611	-0.0722196	0.0767835	-0.0276481	-0.1632311
695	-0.0553009	0.0784738	0.0579844	0.8799818	0.0285291
696	0.1880567	0.0859151	-0.0841925	0.8527877	0.0284354
697	1.0589719	0.1938185	0.1019948	-0.0994577	-0.0688693
698	-0.0742375	0.0249928	1.1024731	0.0056582	0.0151550
699	0.9806052	0.0247383	0.0982743	-0.0027849	0.0106851
700	0.0776737	0.0149567	0.1284571	1.0373816	0.0410301
701	1.0983040	0.0349865	-0.1110551	0.0220531	-0.0281667
702	-0.0128933	-0.1167599	-0.0525152	0.0682803	1.0177417
703	0.0815289	0.0502331	0.9281044	0.2009099	-0.0811245
704	-0.0075179	1.1357728	-0.0028807	-0.0672063	0.0427744
705	1.0128414	0.0430142	0.0462921	-0.0410201	0.0539939
706	0.0426755	0.8508001	0.1324169	0.0156276	0.0901174
707	0.1439324	-0.0979146	-0.0810566	-0.1394150	1.0197883
708	-0.0405956	0.0264722	0.1410326	1.1828171	-0.0475905
709	-0.0237742	0.1929946	0.1158347	-0.0174898	1.0652971
710	0.9487432	0.0599970	-0.0041101	0.0222749	0.0066736
711	0.0272757	-0.0442867	0.0909767	0.7870062	0.1210782
712	1.0455115	-0.0071974	0.0212255	0.0566279	-0.0888255
713	1.1618530	-0.0759531	0.1178185	-0.1221641	-0.0851625
714	-0.1672896	0.0721642	0.0874903	0.9920036	-0.0444800
715	-0.0907944	0.0209106	0.0451033	1.0417266	0.0453616
716	1.0851150	-0.1095345	0.1316422	-0.1915320	-0.0626034
717	0.0289253	-0.3777069	0.1310357	0.0738518	0.8793760
718	0.1229095	0.0668009	-0.1715523	-0.0978764	0.9565101
719	0.1814286	0.9221941	-0.0183044	0.0810867	-0.1959150
720	-0.0998433	0.1890617	-0.1375676	1.0329004	-0.0123824
721	-0.0991047	1.0854339	0.0437003	0.0105970	0.0196619
722	-0.0717642	-0.0623627	1.0384408	-0.0021060	0.2161327
723	-0.1294574	1.0316689	0.0154271	0.1738544	-0.1685170
724	-0.0300115	0.9140477	0.0652077	0.1246334	0.0395024
725	-0.0255354	0.9629423	0.1622641	-0.0070663	0.0641368
726	0.1949486	0.0065943	-0.0845971	-0.0653410	0.9475691
727	0.0063224	1.0146953	-0.0233179	-0.0763818	0.1287364
728	-0.0155266	0.0763824	0.0985284	-0.0681694	1.1964638
729	0.0692912	-0.1386576	0.0786845	0.1122649	0.9167111
730	0.9619350	0.0518755	-0.1331149	0.0416482	-0.0204191
731	0.9945274	-0.0474579	-0.1461170	-0.0867084	-0.0503366
732	1.1551893	-0.0825902	-0.0085859	0.0510858	0.0566106
733	0.0278099	-0.0491631	-0.1337197	0.9205972	0.1789510
734	0.0355280	1.0110563	0.0563298	-0.0220044	-0.2364439
735	-0.0587695	0.9584229	0.0194511	-0.0626284	-0.0183779
736	1.0874506	-0.0664129	-0.0873154	-0.2657973	0.0379823
737	-0.2697298	-0.1387191	0.0081913	-0.2444601	1.1332398
738	1.1796560	0.0227738	-0.1182520	-0.0003166	0.0954972
739	0.1516713	0.0746061	0.9201292	-0.1056945	0.0009966
740	0.0765571	-0.0608865	0.8487970	-0.0933614	0.1067064
741	1.0935433	0.1255629	0.0364052	0.0617256	-0.2088434
742	0.0955616	0.9767446	0.0429274	-0.0838679	0.0343625
743	0.0916324	0.0868280	0.1043564	0.9865047	-0.0143806
744	0.0199416	-0.1340805	-0.0844408	1.0124438	-0.0332649
745	-0.0308655	0.0409821	0.9768577	-0.0155780	-0.0620452
746	-0.0904799	0.0310616	0.1680126	0.1671847	1.0724830
747	1.2240721	-0.0587726	-0.0051232	-0.1253968	0.0155058
748	-0.0291291	-0.0036574	0.1112668	1.0141272	0.0779130
749	-0.0713002	0.1471558	-0.0446885	1.0509501	0.1043674
750	-0.0783976	0.0435421	1.2789907	0.0553197	-0.0317883
751	1.0941853	0.0611389	-0.0592819	0.0068475	-0.0320985
752	-0.1755135	0.0416011	1.0893144	-0.1772619	0.2443078
753	0.0719283	-0.0954901	-0.0005123	1.0907314	-0.0025624
754	0.0888410	0.7535911	0.0555358	0.1124919	-0.0174413
755	0.0337134	0.0195255	0.0803130	0.9048250	-0.1445921
756	0.0447259	-0.0828827	0.0172422	-0.2321430	1.0889974
757	1.0958072	-0.0561179	-0.1391552	0.0629944	-0.0566359
758	1.1027605	-0.1829024	-0.0340267	0.1089507	0.0864366
759	-0.1341123	1.0269055	-0.0499733	-0.0432080	-0.0071661
760	0.0723131	-0.0148087	0.2060113	1.1326197	-0.1108975
761	0.1377283	-0.1170348	0.0284463	0.8002844	0.1057425
762	-0.2430281	0.9251671	-0.1046541	0.0699041	-0.1151120
763	1.0601480	0.2378715	0.0244373	0.0918078	0.1566628
764	-0.0295895	-0.0273517	-0.0151920	-0.1051675	0.9056728
765	0.9587915	0.0169936	-0.1073088	0.0265496	0.1617250
766	0.0912732	0.0586662	-0.1616997	1.0744016	0.0841650
767	0.0052352	0.0225194	0.9664013	0.1252750	0.2008910
768	-0.0307028	-0.0402768	1.0837411	0.0483726	0.0609400
769	-0.0509071	1.1540783	0.0591322	-0.0275725	-0.1228112
770	-0.0051026	0.1909023	1.0250111	0.1085733	-0.0864154
771	0.0407734	-0.0035122	-0.0456979	-0.0488589	0.9743039
772	0.0497467	-0.1311882	0.8899560	-0.0985965	0.0528678
773	-0.0496676	-0.1468751	-0.0405194	0.1280574	0.8807780
774	0.1270548	-0.0467295	0.0601137	0.0260347	0.9020308
775	-0.0803486	0.0523228	1.0035234	-0.0092784	-0.0052097
776	-0.1457941	-0.0408746	-0.1479694	0.1424325	1.1475739
777	1.1521674	0.0456097	-0.0187110	-0.1000582	-0.0441626
778	-0.0364817	0.9325433	0.0077014	0.1089791	-0.0904294
779	0.0433108	0.0732241	-0.1599917	1.0726468	0.0786062
780	0.0062525	-0.1739752	1.1025791	-0.1394146	-0.2588658
781	0.0000135	1.0042700	0.0292108	-0.1531327	-0.0521696
782	0.1274831	0.0018804	-0.1069119	-0.1244254	1.1466690
783	0.1175703	-0.0540609	1.0674492	-0.0718462	0.0795473
784	-0.0757510	-0.0494077	0.0368530	0.8678175	-0.0499511
785	1.0906350	-0.0069463	0.0158548	-0.1259804	0.0058966
786	-0.0852592	0.0594572	0.9241776	-0.0249540	0.1305024
787	-0.0637879	0.8877088	0.2134157	0.0151331	0.0469867
788	0.1550325	0.0352784	-0.0644059	0.0232351	0.8946365
789	0.0900319	0.9838508	-0.0303572	0.0013718	-0.0594884
790	-0.0596596	0.0587572	0.8209033	-0.1201826	-0.2031520
791	-0.0448794	0.0605672	0.0159751	0.9633619	0.1043933
792	-0.1073225	-0.0644300	-0.1284062	0.0142620	0.9150112
793	0.1090446	0.9541581	-0.0668417	-0.0420202	0.1517654
794	-0.0664635	0.0164942	0.0327122	0.0390701	1.0300685
795	-0.0158304	0.9521978	0.1502021	-0.1035497	-0.1117979
796	0.0462776	-0.1313961	1.0801636	0.1389301	0.0888792
797	-0.1121443	0.9582953	0.0285541	0.0399975	-0.1147518
798	1.0369161	0.1697665	-0.0297913	-0.1164186	-0.0126016
799	1.0823026	-0.0310765	0.1149641	-0.0294397	-0.0153178
800	0.0759892	0.0652448	1.0207160	-0.1819465	-0.1290414
801	1.0060153	-0.1084719	-0.0414260	-0.0428456	-0.0078141
802	1.2213147	-0.1377796	0.1526916	0.2219858	0.0454978
803	1.0160160	0.1320553	-0.0284486	0.1988905	0.0259803
804	0.1225178	-0.0317701	-0.0444545	1.0992508	0.0602862
805	-0.0369061	0.9922685	0.0856382	-0.1000034	-0.0116837
806	1.1320014	-0.0298998	-0.0406368	0.0103945	-0.0357239
807	0.0295359	1.1240075	-0.1301069	-0.0795403	0.1075873
808	0.8641886	0.1868526	0.1045120	0.1059065	-0.0259635
809	-0.1822684	0.2124808	-0.1304409	-0.1212428	0.9263012
810	-0.0653659	1.0381565	0.1038242	-0.0580326	0.0291030
811	0.0631051	-0.1366424	0.9884930	0.1197063	-0.0057841
812	-0.0359734	-0.0363072	-0.0101704	1.2364149	-0.0191463
813	-0.1817065	0.0326435	0.2012097	0.0049999	1.0079453
814	0.1007204	1.1072620	0.0764883	-0.0481329	-0.0387997
815	0.1083590	1.1080810	-0.0209296	-0.0903187	0.0130445
816	-0.0202314	0.0415641	0.0181421	1.0383183	-0.1955982
817	-0.0901689	0.8113333	-0.0835772	-0.1183622	-0.0754552
818	-0.0366760	-0.0409723	1.0982590	0.0078537	-0.0961201
819	0.0458686	0.1059716	0.0174058	-0.0408600	0.9938099
820	-0.0137593	0.1959906	0.1677877	0.9181562	0.1591178
821	0.1310199	0.8728413	-0.1358701	-0.0863678	-0.0034319
822	-0.2314212	-0.0358860	1.0438666	0.0164735	-0.0244075
823	0.0347523	-0.1330966	0.9337115	-0.0982706	-0.0685691
824	-0.1412451	1.0330448	0.0228040	-0.0250004	-0.0653448
825	-0.0568336	0.9138665	-0.1693796	0.0034815	0.0419457
826	0.0208605	0.0276141	-0.0301614	1.0211616	-0.0409342
827	0.0526773	0.0761003	0.8410201	0.2066658	0.2464876
828	0.1174999	-0.0404118	0.8637358	-0.0916390	0.0510960
829	1.0343163	0.0944756	-0.1184772	0.0766947	0.0595226
830	0.0486491	-0.0898418	1.1006345	-0.0639982	-0.0061696
831	-0.0395604	1.0340435	-0.0400787	0.0666772	-0.0768219
832	1.0646373	0.0205519	0.1247616	-0.1682991	-0.0904616
833	0.0906058	-0.0887478	0.9317241	0.0802870	0.0543825
834	-0.0872487	-0.0473881	0.9510445	0.1074277	-0.0054506
835	0.8758090	-0.0335557	0.0214249	-0.1536161	-0.1055018
836	1.0729471	0.1223713	0.0354045	0.2086394	0.0267903
837	0.0371043	-0.0754890	1.0829244	-0.2492428	0.0750842
838	-0.0054176	0.1018440	0.1075502	-0.0627717	0.9680036
839	-0.1296202	0.0021305	-0.0062173	1.1442556	0.2691557
840	1.1178867	-0.0636035	-0.0964721	0.0756143	0.1314408
841	-0.0834638	-0.0677805	0.0640053	1.1375019	0.0423920
842	1.1030184	-0.0264920	0.0089114	0.0557240	-0.3348207
843	0.0038180	-0.0378571	0.7912630	0.0167111	0.1812218
844	0.0519689	0.1171796	0.0453865	-0.0588933	1.1647634
845	0.0145109	0.1384592	0.8837878	-0.0662088	0.0340790
846	1.1188488	-0.0676878	-0.1422771	0.1686559	0.0181922
847	0.1038656	-0.1292453	0.0633762	0.0777378	1.1420108
848	-0.0501493	-0.0563909	-0.0442395	-0.1767260	1.0543031
849	1.0339505	0.1924191	-0.0250863	-0.1148314	-0.1632637
850	0.2204754	-0.0330534	-0.1547379	0.0747930	1.1920923
851	-0.0538483	-0.0326008	1.1958568	-0.0945788	0.0331999
852	0.0927211	0.0808839	-0.0331222	1.0350663	-0.0851470
853	0.0759934	0.9819937	-0.0692792	0.0654268	0.0688797
854	0.1275768	0.9402338	0.0270852	0.1210528	0.0081801
855	0.0546922	-0.1123304	0.1631523	1.1834744	-0.0103259
856	0.1776223	-0.0088611	1.1472096	-0.1238676	-0.2202452
857	0.0161407	0.0620366	0.9344115	-0.0094683	0.0339960
858	0.0619075	-0.0459424	-0.1150580	0.9370780	0.0099257
859	-0.1925319	-0.0354728	0.0622203	0.2073666	0.9568304
860	1.0413270	0.1212959	0.0845053	-0.1329273	-0.1534073
861	0.1632413	-0.2427107	0.0450044	-0.0246111	1.0223255
862	0.0281852	-0.1102399	0.0967381	1.2361176	0.1788727
863	0.0142883	0.1618603	-0.1795146	1.1141688	-0.0012262
864	0.1104415	1.0511244	-0.0160721	-0.1335997	0.0611826
865	1.1479019	0.2437919	-0.0398225	-0.0533908	-0.0843497
866	-0.0519811	-0.0363487	0.8299416	0.0693032	-0.0446417
867	-0.1300101	-0.1363455	-0.0239240	0.0395810	1.0178024
868	-0.0061453	-0.0344091	-0.1678917	0.0429241	1.0032932
869	0.0415308	0.0382076	0.7840520	-0.0676909	0.0506197
870	-0.0063878	1.0265485	0.0508118	0.0948711	0.0099385
871	1.1462933	-0.0014577	-0.0419310	-0.0024522	-0.0956826
872	-0.0109077	-0.0317804	-0.0578800	0.0716348	0.9641189
873	-0.0082539	0.9290034	-0.1792592	0.1247253	0.0488010
874	1.1757108	0.0755710	-0.0196992	0.0367030	-0.1289530
875	-0.0247495	0.0259472	-0.0079433	1.1324795	0.1142881
876	-0.0450151	-0.0007940	0.9542461	0.0809304	0.0788994
877	0.1360868	0.0000143	0.7957771	0.0514087	0.0401746
878	0.0517282	0.1353455	-0.0611451	0.9876793	0.1311646
879	0.0769449	1.0016064	-0.1965573	0.0567140	-0.2176925
880	-0.0021058	-0.0716129	-0.0671059	1.0621820	-0.1206510
881	-0.0292162	0.0843552	0.8186473	0.0651731	0.1394241
882	0.1038361	0.0367070	1.0406596	0.1167861	0.0926680
883	1.0656674	-0.1508445	-0.0025369	-0.0993939	0.0159566
884	0.0814161	1.0286879	-0.0375096	0.0382130	-0.1042905
885	0.0516165	-0.0373067	-0.1636979	0.9480838	-0.0649711
886	-0.0001423	0.0272221	1.1646558	-0.1112015	0.1078383
887	-0.0196875	-0.0948557	-0.2824967	-0.1172472	1.0204715
888	-0.0880688	1.0881062	-0.0938474	0.1109169	-0.0546680
889	0.9635656	0.0523135	-0.1105278	-0.0716971	-0.1029059
890	0.1609816	-0.0948616	1.0971118	0.0465440	-0.1209996
891	-0.0917480	0.0943620	1.0488131	0.1374352	-0.0952520
892	1.1108728	0.0779779	-0.0390347	0.0081245	0.0471349
893	0.0986019	0.0224953	0.8798109	0.0989677	-0.0366055
894	0.2999890	-0.0226079	1.0522293	0.0163406	-0.0593833
895	0.1160541	-0.0596847	-0.0949033	0.9012921	0.0084670
896	-0.0675153	-0.0508786	-0.0833776	-0.0108099	0.9729309
897	0.2029222	0.9969556	-0.0359371	0.1479780	-0.2885744
898	-0.2320261	0.0621236	0.0746626	0.9752567	0.1731189
899	0.0267500	0.8321318	-0.1129564	-0.0013787	0.1257699
900	-0.0148912	0.0066124	0.1059187	0.0164324	0.8289211
901	0.0624270	0.0391327	0.1921535	0.0893879	1.0955031
902	0.0125200	-0.0557017	-0.0314664	0.9365036	0.0268365
903	0.1084058	0.1350116	-0.0701325	1.0570870	0.0145662
904	-0.0995798	-0.1311501	-0.0875488	0.0278590	0.9817881
905	0.0156119	0.0192458	-0.1315981	1.0495486	0.0605114
906	-0.0319646	0.9292265	0.0964069	0.0356258	0.1028876
907	-0.1061757	0.0577002	-0.1505185	0.0567072	0.9796826
908	1.1964301	-0.1310407	-0.0765814	-0.0436678	0.0854283
909	-0.0534403	-0.0543848	0.0860928	0.9187461	0.0247932
910	0.1504829	0.9822484	-0.1141220	-0.0500753	0.0474903
911	0.1521538	0.8785244	0.3079838	-0.0259393	0.2148292
912	0.9439052	0.0574327	-0.1375000	0.0783489	0.0847651
913	0.9736825	-0.1283061	-0.1317361	0.0356980	-0.0353388
914	0.3173739	0.1146729	0.1200753	0.0048686	1.0978884
915	-0.1343344	0.0519354	-0.0235165	0.9288530	-0.0086550
916	0.0556284	-0.1233630	-0.0186027	-0.1420481	1.0807541
917	-0.1795406	0.8433180	-0.0714934	-0.0720725	-0.0852993
918	-0.0066284	0.9756291	0.1437585	-0.0462582	-0.1171690
919	-0.1060503	0.0544533	-0.0067163	1.0905422	0.0440084
920	-0.0759490	0.2124370	1.0772875	-0.0621302	0.1613300
921	-0.0556221	-0.0230359	-0.0028006	0.1700640	1.0280122
922	-0.1226095	-0.0365052	-0.1307003	0.9521075	-0.0598001
923	-0.2493818	0.3022519	-0.0025834	-0.1426043	0.9749693
924	-0.0316364	0.1827035	-0.1763557	-0.1817947	0.8465707
925	1.0334372	-0.0487157	0.0367128	-0.0634631	-0.0946025
926	-0.0336841	0.9325120	-0.0372775	0.1035677	0.0124732
927	-0.0541080	0.1016440	0.0924301	-0.0142758	1.0758400
928	-0.0462653	1.0815366	0.0333690	-0.1042664	0.0842581
929	-0.2313923	1.1008880	-0.1299526	0.1856937	0.0287105
930	0.0226698	-0.0106135	1.0836834	-0.3380862	-0.2872859
931	-0.2245887	0.0926909	-0.1220261	-0.2377212	0.9631535
932	1.0685074	0.0119602	-0.0015339	0.0538161	-0.0171461
933	-0.0462395	-0.1161533	0.0570865	1.1251769	-0.2299852
934	-0.1469144	0.0100419	0.2218660	1.0873313	0.0494983
935	-0.0330746	1.0906461	-0.0304927	-0.0149657	-0.1392081
936	1.1169481	0.0058219	-0.0388772	-0.1060152	-0.1383864
937	0.9982537	0.0472663	-0.0538618	0.0876474	-0.1534131
938	-0.0841192	1.0151743	-0.0230546	-0.0697341	0.1216405
939	0.1272185	0.0212694	-0.3089449	0.0018302	1.0349671
940	-0.1107462	-0.0721854	0.0120376	1.2314149	0.0209771
941	-0.2634120	1.0296822	0.1022364	-0.0729161	0.0009040
942	1.0762621	0.0596029	-0.0034280	0.0382115	0.1660233
943	1.0349117	-0.1347334	-0.0095044	-0.0716657	0.0187121
944	1.1017439	-0.0695317	-0.0210570	-0.0129405	0.0307964
945	-0.0335626	1.0367331	0.1135071	0.0425293	0.0959515
946	1.1093285	0.0844218	-0.0640848	0.0218189	-0.1539344
947	-0.0728238	0.7945340	-0.0032601	0.0458013	-0.1224333
948	-0.0306542	0.7663747	0.0755103	-0.0680207	-0.1166092
949	-0.1384436	0.0300800	-0.0380439	0.1300419	0.9733944
950	1.0840198	0.0841135	0.0650373	0.0002739	0.0106337
951	-0.0662882	0.9102693	0.0212864	-0.0345335	-0.0443448
952	0.0133932	0.7982093	0.0915727	0.0362234	-0.0661532
953	-0.0645380	-0.0280194	-0.1138112	0.9308679	-0.0060922
954	0.0391669	0.0613655	0.1484342	-0.0870846	0.8497544
955	1.1918740	-0.0019493	0.2020287	-0.0544919	-0.1239831
956	0.0625563	0.1426629	0.8326374	0.0886961	0.0409588
957	-0.0133785	-0.0674079	0.0795411	0.9040400	-0.1470371
958	-0.0491437	-0.0812435	0.0283101	0.0036459	1.0505508
959	0.2336813	-0.0798580	-0.1066946	0.0921735	0.9249621
960	0.0378365	-0.1143000	1.1506644	0.0056070	-0.1306257
961	0.0544306	-0.0506124	0.0219798	0.0756782	0.9852954
962	-0.0241736	0.0266639	0.8372506	-0.0726373	-0.0087814
963	0.0571780	0.1025565	0.0251054	-0.1601883	0.9339246
964	0.1487604	0.8041767	0.0575158	0.0342368	-0.2109877
965	-0.0811875	0.0605322	-0.0365802	0.8995727	-0.0126498
966	-0.0042166	0.0654967	0.1627737	-0.0185325	1.0502315
967	0.1202140	0.9280001	0.1048729	0.1356630	-0.0421322
968	0.0347601	-0.1268912	0.9742804	0.1752305	-0.0157538
969	1.1103471	-0.0999963	0.2561770	-0.0198848	0.0865426
970	-0.0597739	-0.0766863	1.0349585	0.0771647	0.0080888
971	0.8916432	-0.1039362	0.0397686	-0.1198499	0.1757594
972	-0.1626248	0.0570216	-0.1615736	0.0828908	1.0273508
973	0.1356510	0.0920726	0.0977203	0.0609294	0.9735466
974	-0.0707996	0.1745657	0.0226139	0.0968966	0.8579486
975	1.1573051	0.0053005	-0.0412204	-0.0681946	0.0991366
976	0.2215954	1.0380023	-0.0491104	0.0042540	-0.0443848
977	0.0156369	0.1222054	1.0897774	0.1202890	0.0093021
978	-0.0464453	0.0435455	0.1225442	-0.1138794	0.9905946
979	-0.0156260	-0.0968837	-0.0589493	1.0729808	0.0312899
980	0.1947996	0.0164734	0.0078278	-0.0025315	0.9578309
981	-0.0255694	0.1240065	0.9923055	-0.1007859	0.0306489
982	0.2202106	-0.0444890	0.0821694	-0.1385169	0.9758064
983	0.2372158	0.0738326	-0.1987163	-0.0482105	0.8995056
984	0.0106712	-0.1882952	0.2148579	0.8979810	0.1200394
985	0.0365954	0.9440984	0.1169815	-0.0051403	-0.2318167
986	0.0061830	-0.1813469	0.0175273	0.9205668	-0.1217683
987	-0.0006295	0.0070385	1.0264559	0.0054723	0.0126711
988	-0.0086989	0.8482940	0.0491476	-0.0730404	-0.0366865
989	-0.1258248	-0.0055959	-0.1125206	0.9514342	0.0296825
990	-0.1964596	-0.1845957	0.0584766	1.1195756	0.1396417
991	0.1209190	-0.0718602	-0.1697868	0.1653997	0.9577032
992	0.0210768	0.0967187	0.9656412	0.0582305	0.0302972
993	0.1830272	0.9678566	0.0866757	0.1041636	0.0317339
994	-0.0893365	0.0711053	1.0599050	0.1026874	-0.1747301
995	-0.1349441	1.0800740	-0.0343731	0.0481413	-0.1096098
996	-0.1053157	-0.0524654	-0.0485723	0.9837136	-0.1226071
997	-0.1525861	1.1645459	0.0975957	-0.0077932	-0.0851837
998	-0.1104209	0.0193502	1.1242922	0.1317028	0.0115210
999	-0.0391757	0.8616436	-0.0625704	-0.0504147	-0.0772115
1000	-0.0051460	0.0608258	0.0943316	1.0005174	0.0735588
